# triangulation 0/314 14952.64
# triangulation 256/314 14952.77
# upper F=1 14953.01
# upper elements 0/557 14953.03
# upper elements 256/557 14954.7
# upper elements 512/557 14956.35
# upper edges 0/872 14956.67
# upper edges 512/872 14958.54
# compile arrays 14959.89
# ordering 6889 14962
# ordering 0/6889 14964.01
# ordering complete 14972.06
# symbolic factorization 14972.26
# symbolic complete 260434 14972.35
 0 , 0 , 38.3410116754376 , 12877.3351562758 , 260434 
 1 , 165.164596270279 , 21.6698402540957 , 8230.74685162207 , 260434 
 2 , 221.754333438513 , 16.3653302207288 , 7123.76417006076 , 260434 
 3 , 249.991525547722 , 7.87896219610758 , 4151.80742718943 , 260434 
 4 , 239.07716847944 , 5.54541125863132 , 3237.9069833509 , 260434 
 5 , 250.671918978703 , 3.92201331131647 , 2611.92751732708 , 260434 
 6 , 285.76825705691 , 2.8243296591297 , 2106.37011073549 , 260434 
 7 , 352.570268500835 , 1.99233454259663 , 1673.40685376983 , 260434 
 8 , 432.567333231656 , 1.26876432298544 , 1265.44547148455 , 260434 
 9 , 369.76317421814 , 0.465397754272714 , 637.51769289314 , 260434 
 10 , 46.6406847547548 , 2.84485797127112E-02 , 57.0147942835505 , 260434 
 11 , 9.34121914538155 , 4.46228887921957E-03 , 9.12661403440994 , 260434 
 12 , 5.51193975685454 , 7.76218632876247E-04 , 3.69385602404829 , 260434 
 13 , 3.67017831383051 , 2.03825805264846E-04 , 1.5699259953014 , 260434 
 14 , 2.91717189682113 , 4.15219279692458E-05 , 0.720426793178244 , 260434 
 15 , 2.56925921941505 , 1.2538936554285E-05 , 0.346768544204283 , 260434 
 16 , 2.40186907910398 , 3.19563691175695E-06 , 0.16764007467622 , 260434 
 17 , 2.34419306058218 , 8.59416631637023E-07 , 0.10605705444341 , 260434 
 18 , 2.28208266266032 , 3.79780386319951E-07 , 4.00658930079181E-02 , 260434 
 19 , 2.26425476341075 , 2.39887690314137E-07 , 2.09553014955824E-02 , 260434 
 20 , 2.25235780959134 , 1.80778307970202E-07 , 8.15286521327789E-03 , 260434 
 21 , 2.24912104848253 , 1.33909407984062E-07 , 4.64920717089173E-03 , 260434 
 22 , 2.24721083231417 , 9.64689558821377E-08 , 2.57440847219757E-03 , 260434 
 23 , 2.24649432809994 , 6.61052552185269E-08 , 1.79813006603692E-03 , 260434 
 24 , 2.24580653746955 , 5.2068749780199E-08 , 1.04572955331191E-03 , 260434 
 25 , 2.24527631062573 , 3.85112112362082E-08 , 4.63662349079135E-04 , 260434 
 26 , 2.24505543170262 , 2.40897329950695E-08 , 2.20706455840909E-04 , 260434 
 27 , 2.24494137516562 , 2.47266346598201E-08 , 9.40321928019559E-05 , 260434 
 28 , 2.24490189720559 , 3.10851576545251E-08 , 5.02366786884167E-05 , 260434 
 29 , 2.24488411734161 , 3.70599043173627E-08 , 3.0390639571873E-05 , 260434 
 30 , 2.24487143416273 , 4.0379669424928E-08 , 1.62317749931999E-05 , 260434 
 31 , 2.24486430484699 , 3.94902356192018E-08 , 8.31815872794185E-06 , 260434 
 32 , 2.2448607258051 , 2.97831666158247E-08 , 4.37850454063544E-06 , 260434 
 33 , 2.24485908479709 , 1.86953685934116E-08 , 2.59323137035688E-06 , 260434 
 34 , 2.24485788385267 , 1.34143737113982E-08 , 1.32286899639944E-06 , 260434 
 35 , 2.244857296076 , 9.16899055260502E-09 , 7.03174144068193E-07 , 260434 
# upper F=2 14987.2
 0 , 0 , 75.0222491040455 , 12877.3351562758 , 260434 
 1 , 278.560834596232 , 42.9987293644075 , 8088.70967878819 , 260434 
 2 , 506.765469731861 , 20.1105484909845 , 4346.9031611557 , 260434 
 3 , 639.105642210744 , 9.93750308037909 , 2475.08873588419 , 260434 
 4 , 715.197658735079 , 7.37795777910091 , 2090.43645306161 , 260434 
 5 , 658.584428849976 , 3.73708120406842 , 1284.05207182331 , 260434 
 6 , 547.149542404035 , 2.11420185018957 , 858.029840524875 , 260434 
 7 , 316.903994691364 , 0.629964784227782 , 384.294294435648 , 260434 
 8 , 202.619062906247 , 0.314187824742785 , 229.605404601914 , 260434 
 9 , 134.059003958645 , 9.74754951689903E-02 , 140.983774040011 , 260434 
 10 , 6.36483205997045 , 1.94258707766082E-03 , 6.09106753298595 , 260434 
 11 , 0.992380024440425 , 1.94856350108713E-04 , 0.615934563293883 , 260434 
 12 , 0.726062005870019 , 8.33140728476039E-05 , 0.323058531042258 , 260434 
 13 , 0.61849220919748 , 2.80014557146185E-05 , 0.206455824683536 , 260434 
 14 , 0.524862171991926 , 8.70961785530422E-06 , 0.107691621531726 , 260434 
 15 , 0.462738373874011 , 1.08157684371168E-06 , 0.042154984084059 , 260434 
 16 , 0.442388478608974 , 4.45536332882579E-07 , 2.06054456121884E-02 , 260434 
 17 , 0.431119621690962 , 1.12895924678225E-07 , 8.58022182244789E-03 , 260434 
 18 , 0.426870415420112 , 2.77178658592538E-08 , 3.99433074846558E-03 , 260434 
 19 , 0.42472162604616 , 2.21519538231405E-08 , 1.64650710218128E-03 , 260434 
 20 , 0.423907717459725 , 1.91278364993108E-08 , 7.4471093230391E-04 , 260434 
 21 , 0.423497489496873 , 1.81254859996166E-08 , 2.84174075471286E-04 , 260434 
 22 , 0.423418797529014 , 1.58152113175026E-08 , 1.9497007500131E-04 , 260434 
 23 , 0.423306146576585 , 1.60975833422649E-08 , 6.62222497718611E-05 , 260434 
 24 , 0.423278142138317 , 1.22546686376124E-08 , 3.38824759055743E-05 , 260434 
 25 , 0.423257643506883 , 9.77081120123651E-09 , 9.94639685464977E-06 , 260434 
 26 , 0.423254149597481 , 7.07720700501564E-09 , 5.817995149321E-06 , 260434 
 27 , 0.423251416970821 , 4.30563557538894E-09 , 2.58993387482736E-06 , 260434 
 28 , 0.423250363395828 , 3.72287296019558E-09 , 1.32804766552685E-06 , 260434 
 29 , 0.423249844734881 , 2.98139172425483E-09 , 7.07514174926186E-07 , 260434 
# upper F=1.39926737126023 14999.48
 0 , 0 , 52.6829931109756 , 12877.3351562758 , 260434 
 1 , 235.372874437988 , 27.3853244812472 , 7571.81813921922 , 260434 
 2 , 347.282023684317 , 18.2129276258811 , 6032.16065824639 , 260434 
 3 , 376.537301518871 , 10.3520721496687 , 3836.86047560378 , 260434 
 4 , 439.064784874921 , 8.64464260274082 , 3511.06891404611 , 260434 
 5 , 543.291973609603 , 6.63201554589513 , 2998.33460736775 , 260434 
 6 , 713.808822801772 , 3.99241746216361 , 2230.21430743205 , 260434 
 7 , 819.800852847579 , 2.66632853519928 , 1834.70327090256 , 260434 
 8 , 673.061600998441 , 1.3766082307344 , 1117.30667306709 , 260434 
 9 , 618.742576403567 , 1.00949828936476 , 925.062123610983 , 260434 
 10 , 488.921007183722 , 0.690341349008402 , 672.363984679858 , 260434 
 11 , 333.242390951905 , 0.240029239107886 , 385.040791591057 , 260434 
 12 , 24.4983553097873 , 2.40063590612255E-03 , 23.9926815546724 , 260434 
 13 , 2.61635653505365 , 1.80575124944404E-04 , 1.81119941058479 , 260434 
 14 , 1.58166756605506 , 5.18543761472423E-05 , 0.735399482162241 , 260434 
 15 , 1.27044888193685 , 1.76973776042089E-05 , 0.406795803726221 , 260434 
 16 , 1.11682035906634 , 5.9138866432551E-06 , 0.24541898289804 , 260434 
 17 , 0.960348142623388 , 1.18844382815397E-06 , 8.22395924085904E-02 , 260434 
 18 , 0.930911183951523 , 3.42192639585237E-07 , 5.09464972908518E-02 , 260434 
 19 , 0.906719268350463 , 1.48913813237396E-07 , 0.025346869840071 , 260434 
 20 , 0.892817505169626 , 7.01174158260176E-08 , 1.04816765129208E-02 , 260434 
 21 , 0.8877588384118 , 5.64198296350959E-08 , 5.01546259353779E-03 , 260434 
 22 , 0.885068803910983 , 5.89789146383168E-08 , 2.07891593632172E-03 , 260434 
 23 , 0.883938620275207 , 5.14227647108799E-08 , 8.35069707061105E-04 , 260434 
 24 , 0.883582773751693 , 4.0947848996186E-08 , 4.39547866045472E-04 , 260434 
 25 , 0.883404571012846 , 3.17807482890864E-08 , 2.40510705658002E-04 , 260434 
 26 , 0.883285776301668 , 2.38017930422058E-08 , 1.06528351670993E-04 , 260434 
 27 , 0.883224254434453 , 2.00066139096283E-08 , 3.68141996713708E-05 , 260434 
 28 , 0.8832065940534 , 1.47623652503785E-08 , 1.65708604276039E-05 , 260434 
 29 , 0.883201287552665 , 9.60578805754971E-09 , 1.05285736124729E-05 , 260434 
 30 , 0.883196808103527 , 7.54923558139958E-09 , 5.3693221855828E-06 , 260434 
 31 , 0.883194555814562 , 5.52370540317711E-09 , 2.78379808527691E-06 , 260434 
 32 , 0.883193421877442 , 4.34426356980764E-09 , 1.48090751230342E-06 , 260434 
 33 , 0.883192810288563 , 3.50015665341037E-09 , 7.79280275440948E-07 , 260434 
# upper F=1.3380545794772 15013.75
 0 , 0 , 50.4464124252931 , 12877.3351562758 , 260434 
 1 , 223.579874899739 , 26.6117674179219 , 7681.33507390659 , 260434 
 2 , 321.085198190227 , 18.4608554063301 , 6302.8361349516 , 260434 
 3 , 348.968540639764 , 10.2125945554368 , 3955.69111369383 , 260434 
 4 , 395.553212376435 , 8.30954062264493 , 3521.48406129098 , 260434 
 5 , 482.97236348307 , 6.69178108286648 , 3137.76828144244 , 260434 
 6 , 619.129172458074 , 4.68932478854679 , 2542.35437439859 , 260434 
 7 , 711.490406827236 , 3.36862613702715 , 2087.05766159617 , 260434 
 8 , 640.217250390469 , 1.55028608074669 , 1183.97042016309 , 260434 
 9 , 616.844101898759 , 1.14818895191654 , 1003.08746541406 , 260434 
 10 , 473.692325853343 , 0.723584350040732 , 683.432478586426 , 260434 
 11 , 336.929608940698 , 0.306346336755491 , 411.326306311451 , 260434 
 12 , 33.9032258248992 , 6.64429121694946E-03 , 34.0368744009463 , 260434 
 13 , 3.19648082662103 , 4.57056206130818E-04 , 2.3448896413596 , 260434 
 14 , 1.76807672723409 , 1.1091988539505E-04 , 0.836954419826701 , 260434 
 15 , 1.46704737820572 , 4.39549154558072E-05 , 0.512085369998237 , 260434 
 16 , 1.29550771926552 , 1.45930113173987E-05 , 0.328553176451648 , 260434 
 17 , 1.09965041290294 , 7.23998589108321E-07 , 0.123504197629264 , 260434 
 18 , 1.04533193071962 , 3.7655185043451E-07 , 6.63506142121464E-02 , 260434 
 19 , 1.01340148964311 , 2.02743848875147E-07 , 3.26824513860085E-02 , 260434 
 20 , 0.996020773659315 , 9.86601567052495E-08 , 1.41528181695965E-02 , 260434 
 21 , 0.9894974188326 , 7.16892146491904E-08 , 7.13154738782003E-03 , 260434 
 22 , 0.985663110971125 , 7.09777075403703E-08 , 2.97758462491563E-03 , 260434 
 23 , 0.984241218609024 , 6.41339430250041E-08 , 1.4213662032219E-03 , 260434 
 24 , 0.983417331835783 , 5.12337667739773E-08 , 5.11708095025859E-04 , 260434 
 25 , 0.983192836536584 , 3.70814340544744E-08 , 2.6130921411834E-04 , 260434 
 26 , 0.983080097421329 , 2.22149155064523E-08 , 1.35559608383167E-04 , 260434 
 27 , 0.983003154901481 , 2.04809089162048E-08 , 4.83809075386099E-05 , 260434 
 28 , 0.982978613404149 , 1.77790249230724E-08 , 2.03780914199967E-05 , 260434 
 29 , 0.982973445069672 , 1.22754375050829E-08 , 1.44839982845401E-05 , 260434 
 30 , 0.982967191416476 , 5.70844222269299E-09 , 7.38936622670877E-06 , 260434 
 31 , 0.982964078257436 , 4.73378432851233E-09 , 3.7883193489621E-06 , 260434 
 32 , 0.982962536363097 , 3.61229656156375E-09 , 2.01330047282575E-06 , 260434 
 33 , 0.982961721029243 , 2.95774648628185E-09 , 1.07556912469867E-06 , 260434 
 34 , 0.98296127318815 , 2.50742975510343E-09 , 5.61376872783557E-07 , 260434 
# upper F=1.32997062365151 15028.2
 0 , 0 , 50.1518406946581 , 12877.3351562758 , 260434 
 1 , 222.04661375876 , 26.5069847900427 , 7695.7081064247 , 260434 
 2 , 317.888122952428 , 18.4745673476919 , 6335.07889204107 , 260434 
 3 , 345.73384497019 , 10.1742403664757 , 3966.05739683244 , 260434 
 4 , 389.92890792353 , 8.27697994902013 , 3525.42363300257 , 260434 
 5 , 474.728655434004 , 6.68384717311716 , 3147.80345210047 , 260434 
 6 , 605.473313403503 , 4.75971381451243 , 2574.84600944797 , 260434 
 7 , 700.712597610404 , 3.40438407315766 , 2104.19253137648 , 260434 
 8 , 637.077491545706 , 1.59447966497005 , 1204.28223538627 , 260434 
 9 , 610.827944900974 , 1.14396209917112 , 998.878177148951 , 260434 
 10 , 468.067961235379 , 0.712964607606014 , 676.336487579935 , 260434 
 11 , 319.259024637435 , 0.289116402589068 , 388.990795506226 , 260434 
 12 , 26.7921139364998 , 2.8914327758803E-03 , 26.3147229295568 , 260434 
 13 , 3.12720542860565 , 2.43725617116136E-04 , 2.22865990591673 , 260434 
 14 , 1.86162659878561 , 6.80470169869274E-05 , 0.909980165474763 , 260434 
 15 , 1.49906282062271 , 2.42213796501911E-05 , 0.526298967057048 , 260434 
 16 , 1.29925071396212 , 6.72112498387167E-06 , 0.315847388401374 , 260434 
 17 , 1.10466450037567 , 5.99819435689395E-07 , 0.113443999955443 , 260434 
 18 , 1.05304255731582 , 3.36066225172925E-07 , 5.90372907526488E-02 , 260434 
 19 , 1.02628245843605 , 1.88761358235896E-07 , 3.08223743638088E-02 , 260434 
 20 , 1.00903276348108 , 8.83469291706758E-08 , 1.23808872111172E-02 , 260434 
 21 , 1.00350681700978 , 7.15016972525915E-08 , 6.42976369404321E-03 , 260434 
 22 , 1.00038923944732 , 5.82921269225844E-08 , 3.0493783532706E-03 , 260434 
 23 , 0.998729350241664 , 5.31828698021901E-08 , 1.22961434302696E-03 , 260434 
 24 , 0.998120811325326 , 4.6236484733718E-08 , 5.54933118750165E-04 , 260434 
 25 , 0.997844736736484 , 3.8136547932468E-08 , 2.46939881564306E-04 , 260434 
 26 , 0.997767427306716 , 2.65887924462839E-08 , 1.60679287342566E-04 , 260434 
 27 , 0.997709385003941 , 1.85875809474235E-08 , 9.566305887418E-05 , 260434 
 28 , 0.997662270245206 , 1.74685219846761E-08 , 4.22649002118824E-05 , 260434 
 29 , 0.997640496422316 , 1.49810865190899E-08 , 1.74781517316947E-05 , 260434 
 30 , 0.997636789824905 , 1.12450736099214E-08 , 1.32485277916088E-05 , 260434 
 31 , 0.99762960955787 , 5.71447938466228E-09 , 5.07327268308807E-06 , 260434 
 32 , 0.99762750473388 , 4.35527761051343E-09 , 2.65420001519582E-06 , 260434 
 33 , 0.997626426844955 , 3.37595072050699E-09 , 1.41953256335698E-06 , 260434 
 34 , 0.997625827870819 , 2.69753490515401E-09 , 7.36337119833406E-07 , 260434 
# upper F=1.3253106824042 15042.88
 0 , 0 , 49.9821256568566 , 12877.3351562758 , 260434 
 1 , 221.165418420736 , 26.4463025254888 , 7703.98165085445 , 260434 
 2 , 316.070356396087 , 18.4806344851662 , 6353.32869528003 , 260434 
 3 , 343.906113010192 , 10.1503495242625 , 3971.53108661164 , 260434 
 4 , 386.795575725784 , 8.25590593947178 , 3527.11494824823 , 260434 
 5 , 470.100094348385 , 6.67656273787285 , 3152.70313375431 , 260434 
 6 , 598.114690210114 , 4.79016415940361 , 2590.20602929236 , 260434 
 7 , 695.383029166543 , 3.42194157373291 , 2114.68726847079 , 260434 
 8 , 634.76190749118 , 1.61891300386974 , 1215.19006707859 , 260434 
 9 , 606.617468798777 , 1.13593556378847 , 993.48388836105 , 260434 
 10 , 462.929170640897 , 0.697575958273801 , 667.122595878021 , 260434 
 11 , 301.846886589766 , 0.270003701400194 , 366.106676871166 , 260434 
 12 , 23.2545569963705 , 2.70028890641769E-03 , 22.7430650581018 , 260434 
 13 , 3.06243146605547 , 2.54472737057643E-04 , 2.1571729749765 , 260434 
 14 , 1.9078634118288 , 7.75970506460832E-05 , 0.949629639449953 , 260434 
 15 , 1.51895592606019 , 2.60268671191111E-05 , 0.537937184683871 , 260434 
 16 , 1.30185268124511 , 6.49698160717915E-06 , 0.309557019109605 , 260434 
 17 , 1.10965933966884 , 5.79935105776961E-07 , 0.109670401778119 , 260434 
 18 , 1.06037110530664 , 3.31229449448126E-07 , 5.76750670566155E-02 , 260434 
 19 , 1.03286093367924 , 1.76736566819505E-07 , 0.028640915364783 , 260434 
 20 , 1.01656306340204 , 8.48873437781841E-08 , 1.11999972761973E-02 , 260434 
 21 , 1.0121815082837 , 7.41099305573353E-08 , 6.47697707427312E-03 , 260434 
 22 , 1.00887259937756 , 5.99785421676121E-08 , 2.88886681159717E-03 , 260434 
 23 , 1.00737079489976 , 5.43754204305039E-08 , 1.24124850503854E-03 , 260434 
 24 , 1.00705740388692 , 4.49295050473324E-08 , 8.94664484995216E-04 , 260434 
 25 , 1.00656369644486 , 4.06925007321466E-08 , 3.46261981503759E-04 , 260434 
 26 , 1.0063875788199 , 2.84157988123203E-08 , 1.49781693418718E-04 , 260434 
 27 , 1.00631044093057 , 1.89730610568336E-08 , 6.30431859188205E-05 , 260434 
 28 , 1.00627450136622 , 1.99547289172296E-08 , 2.21785685536337E-05 , 260434 
 29 , 1.00627225063507 , 1.52139843384631E-08 , 1.96165382701078E-05 , 260434 
 30 , 1.00626160545348 , 1.07051638285056E-08 , 7.4595910788126E-06 , 260434 
 31 , 1.00625861497219 , 6.05123148364931E-09 , 4.05474403015787E-06 , 260434 
 32 , 1.00625692432658 , 4.12660744540873E-09 , 2.12875775301832E-06 , 260434 
 33 , 1.0062560472778 , 3.09164568027744E-09 , 1.12896986926395E-06 , 260434 
 34 , 1.00625556628405 , 2.50324134498043E-09 , 5.8068998184435E-07 , 260434 
# lower F=1.30337121117848 15057.64
# compile arrays 15063.42
# ordering 18397 15069.09
# ordering 0/18397 15074.57
# ordering 8192/18397 15082.28
# ordering 16384/18397 15090.03
# ordering complete 15092.06
# symbolic factorization 15092.32
# symbolic complete 392794 15092.43
 0 , 0 , 1 , 3342 , 392794 
# Schur factor 15092.54
# Schur mapping 6656 15092.82
# Schur mapping 7680 15093.05
# Schur mapping 9216 15093.29
# Schur mapping 10752 15093.54
# Schur pattern 2944 15093.77
# ordering 0/8371 15093.89
# ordering 8192/8371 15095.79
# Schur mapping 0 15096.03
 1 , 2.99147711397991E-02 , 6.49820009775821E-02 , 766.692645446143 , 392794 
# Schur factor 15097.31
 2 , 3.24704654302464E-02 , 1.39608288753517E-03 , 16.8808277269084 , 392794 
# Schur factor 15098.67
 3 , 2.41551666808556E-02 , 1.48141200483368E-04 , 1.71582867370262 , 392794 
# Schur factor 15099.22
 4 ,-0.118857149028059 , 7.74910698951571E-05 , 0.970481032912529 , 392794 
# Schur factor 15099.79
 5 ,-0.648101651975504 , 3.62632275018727E-05 , 0.521789798433904 , 392794 
# Schur factor 15100.36
 6 ,-0.734513317202147 , 3.01770177654147E-05 , 0.549967464709236 , 392794 
# Schur factor 15100.93
 7 ,-0.825530194424622 , 1.36835667215109E-05 , 0.439462828069722 , 392794 
# Schur factor 15101.5
 8 ,-0.870496580265962 , 4.10523249505835E-06 , 0.190038684835892 , 392794 
# Schur factor 15102.08
 9 ,-0.879254858634909 , 1.63476961433103E-06 , 9.47620690584335E-02 , 392794 
# Schur factor 15102.66
 10 ,-0.882889577788774 , 8.12566335568416E-07 , 4.51049008462295E-02 , 392794 
# Schur factor 15103.22
 11 ,-0.884683612920259 , 4.07171709004089E-07 , 2.08718874553617E-02 , 392794 
# Schur factor 15103.8
 12 ,-0.885508190592043 , 2.7974072298129E-07 , 9.82155013566606E-03 , 392794 
# Schur factor 15104.37
 13 ,-0.88584369801069 , 2.7498288759339E-07 , 3.42610488216373E-03 , 392794 
# Schur factor 15104.95
 14 ,-0.885957571083625 , 1.14667608507076E-07 , 1.23009201647638E-03 , 392794 
# Schur factor 15105.53
 15 ,-0.885995074029876 , 8.26072506001685E-08 , 4.71507725438531E-04 , 392794 
# Schur factor 15106.1
 16 ,-0.886005740662773 , 6.26913332064813E-08 , 2.48984565440583E-04 , 392794 
# Schur factor 15106.67
 17 ,-0.886012719311689 , 4.95782153905326E-08 , 1.00813521216178E-04 , 392794 
# Schur factor 15107.22
 18 ,-0.886015625242887 , 3.21318220765013E-08 , 3.35596199186548E-05 , 392794 
# Schur factor 15107.8
 19 ,-0.886016191742461 , 2.51847546404652E-08 , 2.21148929014094E-05 , 392794 
# Schur factor 15108.39
 20 ,-0.886016677702232 , 2.3288407747108E-08 , 1.12796086390813E-05 , 392794 
# Schur factor 15108.96
 21 ,-0.88601712127652 , 2.21667609772729E-08 , 1.55597086324853E-06 , 392794 
# Schur factor 15109.53
 22 ,-0.886017161026035 , 1.74729102465754E-08 , 8.12208046939426E-07 , 392794 
# lower cache store 0 15110.21
# lower cache store 256 15110.23
# lower cache store 512 15110.26
# lower cache store 768 15110.28
# lower cache store 1024 15110.31
# lower cache store 1280 15110.33
# lower cache store 1536 15110.36
# lower cache store 1792 15110.39
# lower cache store 2048 15110.41
# lower cache store 2304 15110.44
# lower cache store 2560 15110.46
# lower cache store 2816 15110.49
# lower cache store 3072 15110.51
# lower cache store 3328 15110.54
# lower F=1.32997062365151 15110.64
 0 , 0 , 1 , 3342 , 392794 
# Schur factor 15110.75
 1 , 2.88668605570993E-02 , 5.96564890665352E-02 , 693.047941162162 , 392794 
# Schur factor 15111.95
 2 , 3.10242288180456E-02 , 1.29605547758498E-03 , 15.3443002549305 , 392794 
# Schur factor 15112.54
 3 , 2.20848433521423E-02 , 1.43361121097739E-04 , 1.62452758231823 , 392794 
# Schur factor 15113.12
 4 ,-0.125854644955684 , 7.49508677334496E-05 , 0.921090084454764 , 392794 
# Schur factor 15113.71
 5 ,-0.616032321742974 , 3.91604291154515E-05 , 0.571982767053252 , 392794 
# Schur factor 15114.28
 6 ,-0.717283884337354 , 3.17136178994E-05 , 0.597049121028014 , 392794 
# Schur factor 15114.85
 7 ,-0.793746879972157 , 1.41705024388879E-05 , 0.480303064251179 , 392794 
# Schur factor 15115.43
 8 ,-0.832528008462639 , 4.0026265829282E-06 , 0.206820403696044 , 392794 
# Schur factor 15116
 9 ,-0.84042694279179 , 1.47878334319024E-06 , 9.26310464512891E-02 , 392794 
# Schur factor 15116.56
 10 ,-0.843971668405382 , 6.61787954498054E-07 , 3.85791300954987E-02 , 392794 
# Schur factor 15117.12
 11 ,-0.844617202120127 , 6.06394743620747E-07 , 3.03515080901336E-02 , 392794 
# Schur factor 15117.71
 12 ,-0.845846470426966 , 3.06569225665358E-07 , 9.09204696085301E-03 , 392794 
# Schur factor 15118.29
 13 ,-0.846106407458492 , 2.16229423141141E-07 , 4.2259408019727E-03 , 392794 
# Schur factor 15118.87
 14 ,-0.846247498883899 , 1.70851670642179E-07 , 1.58703936632695E-03 , 392794 
# Schur factor 15119.46
 15 ,-0.846303385694935 , 1.60283574765283E-07 , 5.23727425442994E-04 , 392794 
# Schur factor 15120.05
 16 ,-0.846318839265061 , 1.53664925470424E-07 , 2.28384868399545E-04 , 392794 
# Schur factor 15120.63
 17 ,-0.846320444479431 , 1.16105030200571E-07 , 1.94799784116348E-04 , 392794 
# Schur factor 15121.19
 18 ,-0.846326908531469 , 4.04512924713055E-08 , 5.58930352837058E-05 , 392794 
# Schur factor 15121.77
 19 ,-0.846328123205342 , 2.68617950800093E-08 , 2.85614275227792E-05 , 392794 
# Schur factor 15122.33
 20 ,-0.846328775602809 , 2.86688068697394E-08 , 1.45689384830416E-05 , 392794 
# Schur factor 15122.91
 21 ,-0.846329113896473 , 2.86960597966511E-08 , 7.43442418897487E-06 , 392794 
# Schur factor 15123.49
 22 ,-0.84632928988252 , 2.78528440648694E-08 , 3.81929251032971E-06 , 392794 
# Schur factor 15124.05
 23 ,-0.846329385221777 , 2.58368392069119E-08 , 1.95811725201172E-06 , 392794 
# Schur factor 15124.63
 24 ,-0.846329437109122 , 2.09961582365541E-08 , 1.01294899223475E-06 , 392794 
# Schur factor 15125.21
 25 ,-0.846329460019263 , 1.79616086134613E-08 , 6.07244523794518E-07 , 392794 
# lower F=0.651685605589238 15125.89
 0 , 0 , 1.49583667197591 , 3342 , 392794 
# Schur factor 15126
 1 , 3.82461763431248E-02 , 0.508594463926591 , 4178.76872656976 , 392794 
# Schur factor 15127.16
 2 , 7.02659969207482E-02 , 4.18659937349144E-02 , 543.117647339869 , 392794 
# Schur factor 15128.3
 3 , 7.28037912221658E-02 , 1.06735595016838E-03 , 14.0528243418345 , 392794 
# Schur factor 15129.43
 4 , 5.87839372454738E-02 , 2.9545125764896E-04 , 3.87758944549972 , 392794 
# Schur factor 15130
 5 ,-3.91013518454344E-02 , 1.97531170369469E-04 , 2.74098939187255 , 392794 
# Schur factor 15130.55
 6 ,-0.304633889021345 , 8.6798651315334E-05 , 1.16510099407475 , 392794 
# Schur factor 15131.13
 7 ,-1.36299723129218 , 5.01122219489503E-05 , 1.01113416462432 , 392794 
# Schur factor 15131.73
 8 ,-3.31388187516116 , 5.65706484490454E-05 , 0.914374143136874 , 392794 
# Schur factor 15132.31
 9 ,-5.20712526686427 , 5.59711878117349E-05 , 0.516401887880777 , 392794 
# Schur factor 15132.89
 10 ,-6.71114890695798 , 5.48267089573924E-05 , 0.318370554467788 , 392794 
# Schur factor 15133.46
 11 ,-7.33307444795722 , 5.36334484954382E-05 , 0.306951739169607 , 392794 
# Schur factor 15134.03
 12 ,-7.6429055141993 , 5.31656853265887E-05 , 0.304003224311151 , 392794 
# Schur factor 15134.63
 13 ,-7.88439010003141 , 5.21652927944086E-05 , 0.308602464849462 , 392794 
# Schur factor 15135.22
 14 ,-7.91177100725976 , 4.97223051979692E-05 , 0.319578893506081 , 392794 
# Schur factor 15135.8
 15 ,-7.85712234610631 , 4.49626096826324E-05 , 0.35079372414458 , 392794 
# Schur factor 15136.36
 16 ,-7.80924113963314 , 3.53512331487933E-05 , 0.416809679585924 , 392794 
# Schur factor 15136.94
 17 ,-7.96965369705084 , 1.38358036535396E-05 , 0.410409959174949 , 392794 
# Schur factor 15137.53
 18 ,-8.15041654645317 , 6.6412801613047E-06 , 0.10331995917768 , 392794 
# Schur factor 15138.1
 19 ,-8.18901013467279 , 2.02633564254142E-06 , 0.026308026772803 , 392794 
# Schur factor 15138.69
 20 ,-8.19566985367072 , 1.05713034453452E-06 , 8.07607656317263E-03 , 392794 
# Schur factor 15139.27
 21 ,-8.19720718751894 , 4.28366795989752E-07 , 4.6289005297212E-03 , 392794 
# Schur factor 15139.84
 22 ,-8.19752163457036 , 2.43092258563918E-07 , 1.94374265162503E-03 , 392794 
# Schur factor 15140.43
 23 ,-8.19760448848296 , 1.80688233630288E-07 , 1.42209282051312E-03 , 392794 
# Schur factor 15141.02
 24 ,-8.19768087886826 , 1.52913340836205E-07 , 6.74142961351351E-04 , 392794 
# Schur factor 15141.6
 25 ,-8.19771109452373 , 1.16887895967414E-07 , 1.6193095613713E-04 , 392794 
# Schur factor 15142.15
 26 ,-8.19771568412963 , 1.0987473548053E-07 , 8.17091145404203E-05 , 392794 
# Schur factor 15142.72
 27 ,-8.1977174758942 , 1.06219263179302E-07 , 4.17319660835055E-05 , 392794 
# Schur factor 15143.29
 28 ,-8.19771840038033 , 1.02500743596485E-07 , 2.12485185176313E-05 , 392794 
# Schur factor 15143.88
 29 ,-8.19771929493886 , 9.6680815670968E-08 , 2.93507064087979E-06 , 392794 
# lower F=1.25514495081629 15144.54
 0 , 0 , 1 , 3342 , 392794 
# Schur factor 15144.65
 1 , 3.17217091801891E-02 , 7.57365535688379E-02 , 913.701792487693 , 392794 
# Schur factor 15145.83
 2 , 3.51334876618555E-02 , 1.61684291510177E-03 , 20.2450345741068 , 392794 
# Schur factor 15147.24
 3 , 0.027952651325219 , 1.57405471857527E-04 , 1.89050210775927 , 392794 
# Schur factor 15147.83
 4 ,-0.106572848462144 , 8.21722504260902E-05 , 1.06118821854612 , 392794 
# Schur factor 15148.42
 5 ,-0.598844695941081 , 3.88673848896255E-05 , 0.555540216956067 , 392794 
# Schur factor 15148.98
 6 ,-0.825675816202227 , 3.06174439684689E-05 , 0.561255979047268 , 392794 
# Schur factor 15149.59
 7 ,-0.855567174234433 , 1.79258594238393E-05 , 0.56066460668377 , 392794 
# Schur factor 15150.18
 8 ,-0.950468940557158 , 5.58676161840486E-06 , 0.198647742937075 , 392794 
# Schur factor 15150.77
 9 ,-0.956958297068726 , 2.43174626690306E-06 , 0.126517246729048 , 392794 
# Schur factor 15151.36
 10 ,-0.964226327635719 , 8.14868804306469E-07 , 3.97444349335121E-02 , 392794 
# Schur factor 15151.93
 11 ,-0.965553692137565 , 6.09997064811334E-07 , 2.63723070246634E-02 , 392794 
# Schur factor 15152.5
 12 ,-0.966742400104255 , 3.30929307240788E-07 , 9.28688689340653E-03 , 392794 
# Schur factor 15153.04
 13 ,-0.967199397214189 , 1.91427034838244E-07 , 2.34477181080394E-03 , 392794 
# Schur factor 15153.63
 14 ,-0.967266399580454 , 1.69958121586599E-07 , 9.56511016205918E-04 , 392794 
# Schur factor 15154.19
 15 ,-0.967302687194475 , 1.77559500069663E-07 , 2.22482345738501E-04 , 392794 
# Schur factor 15154.76
 16 ,-0.967310870945947 , 1.3365249427999E-07 , 6.61779913071128E-05 , 392794 
# Schur factor 15155.33
 17 ,-0.967313582667139 , 9.649947495672E-08 , 1.57825366689475E-05 , 392794 
# Schur factor 15155.89
 18 ,-0.96731410226968 , 8.7098565885426E-08 , 8.19221094916253E-06 , 392794 
# Schur factor 15156.47
 19 ,-0.967314390478642 , 7.98570926944161E-08 , 4.23767824187923E-06 , 392794 
# Schur factor 15157.03
 20 ,-0.967314478816966 , 5.7137250417491E-08 , 3.24482553848338E-06 , 392794 
# Schur factor 15157.61
 21 ,-0.967314552585027 , 5.44375312324121E-08 , 2.71835307417896E-06 , 392794 
# Schur factor 15158.2
 22 ,-0.967314657432303 , 5.21565984756534E-08 , 1.41199613186582E-06 , 392794 
# Schur factor 15158.79
 23 ,-0.967314726054165 , 5.0599664862124E-08 , 7.25870406390903E-07 , 392794 
# lower F=1.24241703720451 15159.47
 0 , 0 , 1 , 3342 , 392794 
# Schur factor 15159.59
 1 , 3.21772004093569E-02 , 7.88145217828442E-02 , 955.457567116991 , 392794 
# Schur factor 15160.75
 2 , 3.58465024517788E-02 , 1.68077797333746E-03 , 21.2324263870212 , 392794 
# Schur factor 15161.87
 3 , 2.89442853102551E-02 , 1.59887681808094E-04 , 1.9380897067926 , 392794 
# Schur factor 15162.46
 4 ,-0.103532464675524 , 8.33964638091485E-05 , 1.08538068154786 , 392794 
# Schur factor 15163.04
 5 ,-0.585900000850385 , 3.95858009273117E-05 , 0.565761591520202 , 392794 
# Schur factor 15163.62
 6 ,-0.852075142023877 , 3.07411162557084E-05 , 0.565038095129019 , 392794 
# Schur factor 15164.19
 7 ,-0.864589899783539 , 2.12104460428196E-05 , 0.573859387457651 , 392794 
# Schur factor 15164.78
 8 ,-0.96500646999442 , 6.88312139378062E-06 , 0.234169116173894 , 392794 
# Schur factor 15165.36
 9 ,-0.981736688949587 , 2.20568387128061E-06 , 0.105480214736325 , 392794 
# Schur factor 15165.93
 10 ,-0.987629684290639 , 9.52221795491292E-07 , 4.60181830400475E-02 , 392794 
# Schur factor 15166.53
 11 ,-0.989668389362445 , 4.51387175422169E-07 , 1.99842694197179E-02 , 392794 
# Schur factor 15167.09
 12 ,-0.990692771899849 , 2.66347610450806E-07 , 5.96816547093539E-03 , 392794 
# Schur factor 15167.68
 13 ,-0.990940672276224 , 1.56966786144815E-07 , 1.57196173722748E-03 , 392794 
# Schur factor 15168.27
 14 ,-0.990994998084107 , 1.87776847431862E-07 , 5.25531327508196E-04 , 392794 
# Schur factor 15168.87
 15 ,-0.991013898952414 , 1.70635348181017E-07 , 1.60516125801085E-04 , 392794 
# Schur factor 15169.45
 16 ,-0.991020472065731 , 1.22335410873697E-07 , 3.54119017309955E-05 , 392794 
# Schur factor 15170.03
 17 ,-0.991021507894593 , 8.94907593073078E-08 , 1.804147955266E-05 , 392794 
# Schur factor 15170.59
 18 ,-0.991021780846521 , 8.40579122479267E-08 , 1.37598451032153E-05 , 392794 
# Schur factor 15171.16
 19 ,-0.991022206413643 , 7.97373547723564E-08 , 7.05603661052137E-06 , 392794 
# Schur factor 15171.73
 20 ,-0.991022452944464 , 7.50761577521639E-08 , 3.66557343016511E-06 , 392794 
# Schur factor 15172.3
 21 ,-0.991022590467297 , 6.98424790357898E-08 , 2.1211979103368E-06 , 392794 
# Schur factor 15172.89
 22 ,-0.991022617994915 , 6.56963527508887E-08 , 1.90727660897681E-06 , 392794 
# Schur factor 15173.46
 23 ,-0.991022667570437 , 4.01427921723772E-08 , 1.48634738590779E-06 , 392794 
# Schur factor 15174.03
 24 ,-0.991022723512371 , 3.67615368532187E-08 , 1.02676264427163E-06 , 392794 
# Schur factor 15174.6
 25 ,-0.991022779388741 , 4.16288105018803E-08 , 5.87176705736089E-07 , 392794 
# lower F=1.23899982567879 15175.29
 0 , 0 , 1 , 3342 , 392794 
# Schur factor 15175.41
 1 , 3.22978966655589E-02 , 7.96580493651546E-02 , 966.881037822209 , 392794 
# Schur factor 15176.58
 2 , 3.60387242643598E-02 , 1.69831431431439E-03 , 21.504700194685 , 392794 
# Schur factor 15177.74
 3 , 2.92096976261293E-02 , 1.60557894864912E-04 , 1.95101961383318 , 392794 
# Schur factor 15178.32
 4 ,-0.102727679639176 , 8.37237642525228E-05 , 1.09190175159884 , 392794 
# Schur factor 15178.9
 5 ,-0.582522575284023 , 3.97730857358717E-05 , 0.568469779024179 , 392794 
# Schur factor 15179.48
 6 ,-0.851081850744229 , 3.10357038985532E-05 , 0.566753193748432 , 392794 
# Schur factor 15180.06
 7 ,-0.869592215322966 , 2.15734406732713E-05 , 0.572512180222234 , 392794 
# Schur factor 15180.64
 8 ,-0.968723385047259 , 7.15155144342158E-06 , 0.245429701546653 , 392794 
# Schur factor 15181.21
 9 ,-0.98873065823587 , 2.15668178299302E-06 , 0.101365949548504 , 392794 
# Schur factor 15181.76
 10 ,-0.994063125937751 , 1.09914358302839E-06 , 5.05368847959893E-02 , 392794 
# Schur factor 15182.35
 11 ,-0.996242607838077 , 4.73001850175977E-07 , 2.05740122471319E-02 , 392794 
# Schur factor 15182.92
 12 ,-0.997252091400023 , 2.6805829111404E-07 , 6.12095324551145E-03 , 392794 
# Schur factor 15183.5
 13 ,-0.997492642150643 , 1.6218596195698E-07 , 1.7458531851124E-03 , 392794 
# Schur factor 15184.07
 14 ,-0.997554537287434 , 1.93416951697386E-07 , 5.57463209107099E-04 , 392794 
# Schur factor 15184.65
 15 ,-0.997575299771788 , 1.73485479874955E-07 , 1.63522219591611E-04 , 392794 
# Schur factor 15185.24
 16 ,-0.997582416631143 , 1.207375525663E-07 , 2.74492227712898E-05 , 392794 
# Schur factor 15185.82
 17 ,-0.997583052716658 , 9.10656094124451E-08 , 1.73796067695431E-05 , 392794 
# Schur factor 15186.39
 18 ,-0.997583250595691 , 8.55632502257275E-08 , 1.42061753053618E-05 , 392794 
# Schur factor 15186.95
 19 ,-0.997583690238108 , 8.24735374862775E-08 , 7.28500089289702E-06 , 392794 
# Schur factor 15187.56
 20 ,-0.997583942178273 , 7.74381736812125E-08 , 3.78342511744884E-06 , 392794 
# Schur factor 15188.13
 21 ,-0.997584101377746 , 7.16486099309626E-08 , 1.95864923657612E-06 , 392794 
# Schur factor 15188.73
 22 ,-0.997584121256026 , 6.78971899457593E-08 , 1.78338176993426E-06 , 392794 
# Schur factor 15189.3
 23 ,-0.997584160414831 , 5.91680163089504E-08 , 1.57517060585553E-06 , 392794 
# Schur factor 15189.87
 24 ,-0.997584209791253 , 4.51137797451881E-08 , 1.11479072879813E-06 , 392794 
# Schur factor 15190.46
 25 ,-0.997584256929344 , 4.29469410563498E-08 , 5.69901190346362E-07 , 392794 
# lower F=1.23499982567879 15191.12
 0 , 0 , 1 , 3342 , 392794 
# Schur factor 15191.23
 1 , 3.24383072332532E-02 , 8.06546686817683E-02 , 980.367528808406 , 392794 
# Schur factor 15192.39
 2 , 3.62641639217561E-02 , 1.7190411903378E-03 , 21.8273664524339 , 392794 
# Schur factor 15193.5
 3 , 2.95199442618606E-02 , 1.61342065280899E-04 , 1.96621251546099 , 392794 
# Schur factor 15194.09
 4 ,-0.101794060755798 , 8.41059900309619E-05 , 1.09955125871538 , 392794 
# Schur factor 15194.69
 5 ,-0.578624293298142 , 3.99891200064031E-05 , 0.571618086749067 , 392794 
# Schur factor 15195.27
 6 ,-0.850719102116911 , 3.13407033925818E-05 , 0.568726156803291 , 392794 
# Schur factor 15195.83
 7 ,-0.87740809562176 , 2.13504683778998E-05 , 0.572269100146661 , 392794 
# Schur factor 15196.42
 8 ,-0.977056882244656 , 7.06818600493947E-06 , 0.245035081591826 , 392794 
# Schur factor 15197
 9 ,-0.996494224146478 , 2.16809092382156E-06 , 0.101235906498973 , 392794 
# Schur factor 15197.58
 10 ,-1.00180460239073 , 1.10191106065342E-06 , 5.07941238336879E-02 , 392794 
# Schur factor 15198.16
 11 ,-1.00403487652392 , 4.66693066909849E-07 , 2.03206151142344E-02 , 392794 
# Schur factor 15198.74
 12 ,-1.00504354840168 , 2.68070137183011E-07 , 6.03788823532466E-03 , 392794 
# Schur factor 15199.3
 13 ,-1.00528100283799 , 1.66959505778109E-07 , 1.73507668947403E-03 , 392794 
# Schur factor 15199.88
 14 ,-1.00534170533618 , 1.96023586135867E-07 , 5.79594499450733E-04 , 392794 
# Schur factor 15200.45
 15 ,-1.00536577725233 , 1.73052636777305E-07 , 1.2293547187149E-04 , 392794 
# Schur factor 15201.04
 16 ,-1.00537037142087 , 1.14639510982746E-07 , 3.33227145881931E-05 , 392794 
# Schur factor 15201.63
 17 ,-1.00537125421161 , 9.29505282651498E-08 , 1.85230308515369E-05 , 392794 
# Schur factor 15202.2
 18 ,-1.00537141635467 , 8.54591266984242E-08 , 1.57210648467857E-05 , 392794 
# Schur factor 15202.77
 19 ,-1.00537187515379 , 8.18133523983519E-08 , 8.03674673105312E-06 , 392794 
# Schur factor 15203.35
 20 ,-1.00537213320396 , 7.69606151451931E-08 , 4.17073480028894E-06 , 392794 
# Schur factor 15203.92
 21 ,-1.00537229398405 , 7.14518800749717E-08 , 2.14530360431054E-06 , 392794 
# Schur factor 15204.51
 22 ,-1.00537235544456 , 6.59037137863323E-08 , 1.61459095639914E-06 , 392794 
# Schur factor 15205.08
 23 ,-1.00537234275317 , 4.79374407130286E-08 , 1.59132305026763E-06 , 392794 
# Schur factor 15205.64
 24 ,-1.0053724139965 , 3.84336981048817E-08 , 8.14931613611612E-07 , 392794 
# triangulation 0/316 15207.68
# triangulation 256/316 15207.72
# upper F=1.19697356128636 15208.13
# upper elements 0/557 15208.16
# upper elements 256/557 15208.27
# upper elements 512/557 15208.4
# upper edges 0/872 15208.44
# upper edges 512/872 15208.55
# compile arrays 15209.4
# ordering 6889 15211.54
# ordering 0/6889 15213.62
# ordering complete 15221.78
# symbolic factorization 15222.05
# symbolic complete 251758 15222.16
 0 , 0 , 182.726162377225 , 12877.3351562758 , 251758 
 1 , 144.211594551227 , 151.073727978445 , 11668.9884349039 , 251758 
 2 , 353.557605157285 , 103.055498391711 , 9323.67755749396 , 251758 
 3 , 482.399569985962 , 72.2185393449631 , 7480.75759282147 , 251758 
 4 , 519.682628314978 , 33.8888379714892 , 3763.86111917707 , 251758 
 5 , 506.035576264047 , 11.9265010913571 , 1565.68582658912 , 251758 
 6 , 406.839162265656 , 4.96344791700517 , 789.491455331697 , 251758 
 7 , 251.386098028975 , 1.92902221841038 , 373.889012184933 , 251758 
 8 , 161.586027858171 , 0.649756925941834 , 197.790166011619 , 251758 
 9 , 77.1967372006344 , 0.187769532262535 , 85.4868625061937 , 251758 
 10 , 11.9022435175989 , 2.28530398255732E-02 , 11.8457813246472 , 251758 
 11 , 2.57441970575984 , 3.01229063663059E-03 , 1.64644892027515 , 251758 
 12 , 2.10138470277869 , 1.72840645675611E-03 , 1.0612376364915 , 251758 
 13 , 1.75853531863669 , 6.42365936997361E-04 , 0.639599891245442 , 251758 
 14 , 1.44085244683909 , 1.743458101972E-04 , 0.286472268522321 , 251758 
 15 , 1.29726383643135 , 2.4638493504255E-06 , 0.126567646937373 , 251758 
 16 , 1.24190205243565 , 1.33878846810072E-06 , 6.83124436530496E-02 , 251758 
 17 , 1.20678475193332 , 6.30310747511664E-07 , 3.11812687560246E-02 , 251758 
 18 , 1.18709758340172 , 2.25187502154513E-07 , 1.02484212530196E-02 , 251758 
 19 , 1.18213407787 , 1.30038650088625E-07 , 4.87483274325934E-03 , 251758 
 20 , 1.17962713296526 , 6.19784498573734E-08 , 2.1489676613838E-03 , 251758 
 21 , 1.17846038678027 , 2.52090035378433E-08 , 8.64394350166417E-04 , 251758 
 22 , 1.17817430677859 , 1.60214447259953E-08 , 5.46967659381821E-04 , 251758 
 23 , 1.17791847277418 , 7.68259059418525E-09 , 2.6211479993474E-04 , 251758 
 24 , 1.17779105894013 , 3.45780142589697E-09 , 1.19305111260426E-04 , 251758 
 25 , 1.17773941278547 , 1.76443238668624E-09 , 6.08353129856728E-05 , 251758 
 26 , 1.17771318876905 , 9.02927726914767E-10 , 3.10302247900079E-05 , 251758 
 27 , 1.17769985443774 , 4.61769419097585E-10 , 1.58376480604642E-05 , 251758 
 28 , 1.17769306935546 , 2.36687096807826E-10 , 8.08177454110275E-06 , 251758 
 29 , 1.17768961727691 , 1.21400251771418E-10 , 4.12399856426461E-06 , 251758 
 30 , 1.17768786838976 , 6.25864021978529E-11 , 2.11421435777915E-06 , 251758 
 31 , 1.17768697307304 , 3.22424344472885E-11 , 1.08348008809343E-06 , 251758 
# upper F=1.46296768601666 15234.67
 0 , 0 , 219.584890880432 , 12877.3351562758 , 251758 
 1 , 181.464497174069 , 173.9470029487 , 11295.6300525074 , 251758 
 2 , 423.314097648934 , 112.398109558889 , 8560.21771319112 , 251758 
 3 , 581.654391760224 , 60.7317402656807 , 5222.47790277753 , 251758 
 4 , 653.980326626197 , 28.5455868808583 , 2779.55448328403 , 251758 
 5 , 518.851291559004 , 9.34610824842227 , 1073.83831399259 , 251758 
 6 , 283.095361520905 , 2.44220313978993 , 389.257502682443 , 251758 
 7 , 169.916797882558 , 1.06110426444759 , 207.985847508095 , 251758 
 8 , 66.0560698531147 , 0.242406658016735 , 72.4056576556135 , 251758 
 9 , 7.30958771496245 , 2.19274403440873E-02 , 7.24812403749426 , 251758 
 10 , 1.57863716808102 , 3.08774161925807E-03 , 1.03994824341088 , 251758 
 11 , 1.21989319134399 , 1.43169189059515E-03 , 0.562352084245923 , 251758 
 12 , 1.08031124375476 , 6.26849772727971E-04 , 0.385262795238252 , 251758 
 13 , 0.915448757161671 , 2.55826220533689E-04 , 0.199502004882115 , 251758 
 14 , 0.833712047036647 , 8.80560027410257E-05 , 0.108539044863742 , 251758 
 15 , 0.789059782514838 , 1.47062435850234E-05 , 5.87861727710548E-02 , 251758 
 16 , 0.754064606918586 , 3.63839830154478E-06 , 2.13292989559917E-02 , 251758 
 17 , 0.749001213055186 , 1.73832108026073E-06 , 1.58050283229959E-02 , 251758 
 18 , 0.738661961403575 , 1.9438634701191E-07 , 4.64372271145595E-03 , 251758 
 19 , 0.73704600318113 , 8.17066007195591E-08 , 2.8685499522703E-03 , 251758 
 20 , 0.735464361266757 , 3.33320754772462E-08 , 1.13245022305523E-03 , 251758 
 21 , 0.735070671895387 , 2.33558346977138E-08 , 6.94327292374049E-04 , 251758 
 22 , 0.734664724268672 , 9.10194725600502E-09 , 2.41051842371512E-04 , 251758 
 23 , 0.734536560058188 , 3.61772586367794E-09 , 9.46588243891959E-05 , 251758 
 24 , 0.734495131472919 , 1.8086995606298E-09 , 4.68870484339657E-05 , 251758 
 25 , 0.734475410269528 , 9.39653503299955E-10 , 2.39794166357699E-05 , 251758 
 26 , 0.734465387004629 , 4.95048115740891E-10 , 1.22416853185515E-05 , 251758 
 27 , 0.734460290382269 , 2.95219537613697E-10 , 6.2541841416294E-06 , 251758 
 28 , 0.734457712814802 , 2.0345046636009E-10 , 3.20215898657535E-06 , 251758 
 29 , 0.734456415949575 , 1.26849395039017E-10 , 1.66397607383907E-06 , 251758 
 30 , 0.734455747684621 , 7.82801441116004E-11 , 8.66763656686457E-07 , 251758 
# upper F=1.2831330800859 15246.83
 0 , 0 , 194.573289064227 , 12877.3351562758 , 251758 
 1 , 155.204007846659 , 158.952387830095 , 11564.1976301344 , 251758 
 2 , 375.848262625834 , 106.554088846195 , 9089.12187414433 , 251758 
 3 , 518.053039725455 , 69.9683737128785 , 6829.30069497446 , 251758 
 4 , 564.019333264411 , 30.2502717831055 , 3212.42371875012 , 251758 
 5 , 519.896150726356 , 9.17497966667768 , 1216.81841566342 , 251758 
 6 , 346.948844226617 , 3.3870815220585 , 554.931741644587 , 251758 
 7 , 180.800516242139 , 1.32855863945168 , 244.82183106231 , 251758 
 8 , 119.525985962874 , 0.420851309884701 , 137.560658130977 , 251758 
 9 , 27.4802819388632 , 0.072513163930609 , 29.2064526104483 , 251758 
 10 , 2.68012677367436 , 4.8947661578693E-03 , 2.01573873634985 , 251758 
 11 , 1.8854285068619 , 2.22482676202566E-03 , 1.04023450938204 , 251758 
 12 , 1.59491408431299 , 1.05178545283809E-03 , 0.677008040189053 , 251758 
 13 , 1.3097965841371 , 3.5026837891259E-04 , 0.351546735732811 , 251758 
 14 , 1.20172874059581 , 1.69907156183952E-04 , 0.231300283617883 , 251758 
 15 , 1.09027053393521 , 4.90919827044814E-05 , 0.109261119925991 , 251758 
 16 , 1.0420737447906 , 1.54924431160219E-05 , 5.70353223540499E-02 , 251758 
 17 , 1.00782412275649 , 2.09399353117562E-06 , 2.02356443342688E-02 , 251758 
 18 , 0.998644123903288 , 2.94693945667025E-07 , 1.02719872130214E-02 , 251758 
 19 , 0.992322552025406 , 1.03960231030446E-07 , 3.4649822082394E-03 , 251758 
 20 , 0.991309757993264 , 7.83203101636215E-08 , 2.36052433105687E-03 , 251758 
 21 , 0.990051993852145 , 3.52004026339895E-08 , 9.85220625446807E-04 , 251758 
 22 , 0.989631294569483 , 1.87339661794111E-08 , 5.18701537029716E-04 , 251758 
 23 , 0.989328708963109 , 6.62837478852424E-09 , 1.81973031386342E-04 , 251758 
 24 , 0.989255062002135 , 3.61796376977638E-09 , 9.93032214551589E-05 , 251758 
 25 , 0.989211889919758 , 1.87768985440504E-09 , 5.06983421378993E-05 , 251758 
 26 , 0.989192674804177 , 1.07402045629331E-09 , 2.88792787656476E-05 , 251758 
 27 , 0.989174358863198 , 3.08146955036364E-10 , 8.09905166946948E-06 , 251758 
 28 , 0.989170907024869 , 1.59190658945666E-10 , 4.13767254358724E-06 , 251758 
 29 , 0.989169143450653 , 8.07455569026778E-11 , 2.11415571324811E-06 , 251758 
 30 , 0.989168244947268 , 4.07379827607301E-11 , 1.08088672837971E-06 , 251758 
 31 , 0.989167788105786 , 2.06256168862233E-11 , 5.54491185450806E-07 , 251758 
# upper F=1.27757720458799 15259.11
 0 , 0 , 193.806344482894 , 12877.3351562758 , 251758 
 1 , 154.456873525857 , 158.458422692674 , 11571.4880421087 , 251758 
 2 , 374.742479245738 , 106.261439560932 , 9100.04384870539 , 251758 
 3 , 516.190308833812 , 70.4673132712853 , 6909.70114950235 , 251758 
 4 , 563.172000342993 , 30.0236164593605 , 3210.92970611939 , 251758 
 5 , 519.637179250689 , 9.26007847774596 , 1229.6706223113 , 251758 
 6 , 343.986243877474 , 3.42112650557731 , 555.123170640312 , 251758 
 7 , 177.656312917662 , 1.32791067943952 , 241.835059822145 , 251758 
 8 , 118.102463300456 , 0.421616859826657 , 136.263475744746 , 251758 
 9 , 27.4785012112258 , 7.36954886432436E-02 , 29.2605024477291 , 251758 
 10 , 2.71002352408909 , 5.02111416101392E-03 , 2.04140243087311 , 251758 
 11 , 1.90750678785374 , 2.28621961142741E-03 , 1.05518681607564 , 251758 
 12 , 1.61503776988479 , 1.08132296746358E-03 , 0.688527050150437 , 251758 
 13 , 1.32418916794466 , 3.67289055559952E-04 , 0.356366891364419 , 251758 
 14 , 1.20751147331168 , 1.74657849534819E-04 , 0.226603402643173 , 251758 
 15 , 1.10225812889329 , 5.37192516841881E-05 , 0.111045275891782 , 251758 
 16 , 1.05229889421901 , 1.54247480116804E-05 , 5.67717835148288E-02 , 251758 
 17 , 1.01795182595594 , 1.84541987501008E-06 , 1.98578533176438E-02 , 251758 
 18 , 1.00893377810317 , 2.91426290643315E-07 , 1.00772730103939E-02 , 251758 
 19 , 1.00281503941695 , 1.06795293220539E-07 , 3.48446423024431E-03 , 251758 
 20 , 1.00162637089074 , 7.67152798844274E-08 , 2.18901040765763E-03 , 251758 
 21 , 1.00037235460305 , 2.96292645674763E-08 , 8.14736589541552E-04 , 251758 
 22 , 1.00000807104998 , 1.50790837982488E-08 , 4.10176233061159E-04 , 251758 
 23 , 0.999820139307735 , 7.44460977741004E-09 , 2.01066333394118E-04 , 251758 
 24 , 0.999713731873862 , 3.03480501718651E-09 , 8.12932069696734E-05 , 251758 
 25 , 0.999679690220007 , 1.62392176241905E-09 , 4.28967556298549E-05 , 251758 
 26 , 0.999662355560985 , 8.81667764774555E-10 , 2.32073021410061E-05 , 251758 
 27 , 0.999652351067342 , 4.53309189443141E-10 , 1.1845190235076E-05 , 251758 
 28 , 0.999647263452053 , 2.29968974677244E-10 , 6.04329047797065E-06 , 251758 
 29 , 0.999644675812802 , 1.16825170435819E-10 , 3.08575236140727E-06 , 251758 
 30 , 0.999643358968684 , 5.95689921805464E-11 , 1.57702757214049E-06 , 251758 
 31 , 0.999642693768938 , 3.09946701594524E-11 , 8.133969650637E-07 , 251758 
# upper F=1.27262810305624 15271.54
 0 , 0 , 193.123490216935 , 12877.3351562758 , 251758 
 1 , 153.79542114177 , 158.01678941489 , 11577.9236698298 , 251758 
 2 , 373.773235255157 , 105.995984581878 , 9109.52116913571 , 251758 
 3 , 514.566875832483 , 70.914551297956 , 6982.56419417089 , 251758 
 4 , 562.477417247203 , 29.7927320451679 , 3207.10735311126 , 251758 
 5 , 521.29636947783 , 9.35353191645378 , 1246.34629906238 , 251758 
 6 , 343.004039387189 , 3.46265034020064 , 558.257747202523 , 251758 
 7 , 175.893240662037 , 1.33024881018578 , 240.530809075126 , 251758 
 8 , 117.804455057935 , 0.424510654937877 , 136.237477659765 , 251758 
 9 , 27.8536489172945 , 7.56253447405782E-02 , 29.723165461407 , 251758 
 10 , 2.75480903180047 , 5.16667127548228E-03 , 2.08363677210264 , 251758 
 11 , 1.93054817272964 , 2.3446585635418E-03 , 1.07195554022341 , 251758 
 12 , 1.6334334200585 , 1.10658546272988E-03 , 0.698969721840309 , 251758 
 13 , 1.3380826499311 , 3.79273393894264E-04 , 0.361492768902141 , 251758 
 14 , 1.21423997789587 , 1.7759601745998E-04 , 0.22384736481581 , 251758 
 15 , 1.1129277904962 , 5.6249959561043E-05 , 0.112382395748052 , 251758 
 16 , 1.06131031980674 , 1.49318475280366E-05 , 5.62377963736055E-02 , 251758 
 17 , 1.02693507880007 , 1.48232113680175E-06 , 1.92930359793149E-02 , 251758 
 18 , 1.01806451133135 , 2.83239299821785E-07 , 9.68000341564177E-03 , 251758 
 19 , 1.01231672308422 , 1.0821338324786E-07 , 3.48446541286368E-03 , 251758 
 20 , 1.01105902268517 , 7.58723865778767E-08 , 2.11471747723799E-03 , 251758 
 21 , 1.00979871345425 , 2.69741268580243E-08 , 7.32219988879672E-04 , 251758 
 22 , 1.00947788552744 , 1.39306374338276E-08 , 3.75081583261278E-04 , 251758 
 23 , 1.00930601058838 , 6.89238778798182E-09 , 1.83585903791173E-04 , 251758 
 24 , 1.00920619672119 , 2.67191619634312E-09 , 7.10605459298677E-05 , 251758 
 25 , 1.0091801766606 , 1.57445544494735E-09 , 4.15980035953636E-05 , 251758 
 26 , 1.00916222228775 , 8.09721491201284E-10 , 2.12205888175227E-05 , 251758 
 27 , 1.00915307460438 , 4.14329753967344E-10 , 1.08304051141304E-05 , 251758 
 28 , 1.00914842243018 , 2.11226679025058E-10 , 5.52877119919987E-06 , 251758 
 29 , 1.00914605502226 , 1.07586698249753E-10 , 2.82266908252966E-06 , 251758 
 30 , 1.00914485461057 , 5.55364665321373E-11 , 1.4469255413349E-06 , 251758 
 31 , 1.0091442439429 , 5.20282832353785E-11 , 7.45487470839124E-07 , 251758 
# lower F=1.11149984311091 15284.21
# compile arrays 15290.03
# ordering 18397 15295.73
# ordering 0/18397 15301.19
# ordering 8192/18397 15308.99
# ordering 16384/18397 15316.19
# ordering complete 15318.53
# symbolic factorization 15318.81
# symbolic complete 529919 15318.95
 0 , 0 , 1 , 3342 , 529919 
# Schur factor 15319.07
# Schur mapping 5632 15319.32
# Schur mapping 7168 15319.55
# Schur mapping 8704 15319.84
# Schur mapping 10752 15320.13
# ordering 0/8371 15320.44
# ordering 8192/8371 15322.37
# Schur mapping 0 15322.63
 1 , 4.41167522408084E-02 , 0.123959021114536 , 1884.90104017305 , 529919 
# Schur factor 15324.21
 2 , 5.07624717922552E-02 , 2.67860511806414E-03 , 46.9748996728839 , 529919 
# Schur factor 15325.95
 3 , 4.56497997775073E-02 , 2.50595349858652E-04 , 4.35164428507366 , 529919 
# Schur factor 15326.49
 4 ,-5.27568480474914E-02 , 1.4079325819479E-04 , 2.74946324355544 , 529919 
# Schur factor 15327.04
 5 ,-0.336447451728521 , 5.68875733565784E-05 , 1.30587229146216 , 529919 
# Schur factor 15327.61
 6 ,-0.559721513061252 , 4.91393621144601E-05 , 1.22686811627211 , 529919 
# Schur factor 15328.18
 7 ,-0.528344629151546 , 4.78207569207033E-05 , 1.23342236142803 , 529919 
# Schur factor 15328.76
 8 ,-0.438428227283607 , 2.56039675553098E-05 , 1.06854864157182 , 529919 
# Schur factor 15329.33
 9 ,-0.52969419851891 , 1.19865189870795E-05 , 0.532053964146757 , 529919 
# Schur factor 15330.04
 10 ,-0.584357679524772 , 2.3527426426212E-06 , 0.168100250791868 , 529919 
# Schur factor 15330.6
 11 ,-0.588880490950232 , 1.95863550147667E-07 , 3.74999522520993E-03 , 529919 
# Schur factor 15331.16
 12 ,-0.588977780571365 , 7.60908375692108E-09 , 7.49972160141522E-05 , 529919 
# Schur factor 15331.73
 13 ,-0.588979723166261 , 2.25361246171528E-10 , 1.4925285362983E-06 , 529919 
# Schur factor 15332.29
